M=0.0904644 kg
R=0.225 m
al=12
n=0.5
Vcr=134.93171290149488 m/s
Ecr=823.5230864853394 Äæ
Veq=34544.63057391124 m/s
Feqöáñ=1799305237.9436116 
f_cr=95.44466261390835 rps
f=24435.327613872854 rps
H=1.3620134115230742e-09 Tl
Fg=0.5841299090114304 
Wrot=60569.5419249222 Wt
