M=0.105546 kg
R=0.045 m
al=14
n=0.5
Vcr=578.6024740124188 m/s
Ecr=17667.38836865861 Äæ
Veq=148131.29014749688 m/s
Feqöáñ=33085473138.2848 
f_cr=2046.387640539475 rps
f=523907.2678567534 rps
e=5.2077574186554e-11 
H=0.4427089789500165 Tl
Fg=3.4096032028517107 
Wrot=1516054.9347575994 Wt
