M=0.392028 kg
R=0.175 m
al=52
n=1
Vcr=77.24014981111834 m/s
Ecr=1169.4275101678247 Äæ
Veq=19774.68738313988 m/s
Feqöáñ?=589607490.0879544 
f_cr=70.2465808434172 rps
f=17984.22425784942 rps
e?=5.20766689811291e-11 
H=4.07817487142315 Tl
Fg=6.279493912824478 
Um=655.3324617550579 kVolt
Feq=0.01883848173847343 kN
F1rol=0.3622784949706429 N
Wrot=372.52508715130153 kWt
