M=0.4674 kg
R=0.225 m
al=62
n=1
Vcr=50.35872688657088 m/s
Ecr=592.6635210187885 Äæ
Veq=12892.622342525745 m/s
Feqöáñ=250626080.04525355 
f_cr=35.62151249694439 rps
f=9119.664778799926 rps
Fg=5.830907800120276 
Wrot=225527.07654311493 Wt
