M=0.0904644 kg
R=0.225 m
al=12
n=2
Vcr=753.6014665991493 m/s
Ecr=25688.05257329839 Äæ
Veq=192933.771489511 m/s
Feqöáñ=56125503105.16338 
f_cr=533.0639934691399 rps
f=136472.72631963497 rps
H=1.3620134115230738e-09 Tl
Fg=3.26239952528287 
Wrot=1889338.141020896 Wt
