M=5000 kg
R=28 m
al=480
n=2
Vcr=0.15139315177215054 m/s
Veq=38.75901659387498 m/s
f_cr=0.0008605345876714033
f=0.22031032429628572
Fg=2005996.8884787005
Wrot=233251400.06342262 Wt
