M=1.4208
R=0.5
al=148
n=2
Vcr=27.496269727266263
Veq=7039.475446238917
Fcr=8.752334487364934
f=2240.7346280858987
Wrot=621276.9560763867
