M=1 kg
R=0.175 m
al=52
n=0.5
Vcr=40.057094354705924 m/s
Ecr=802.2854040709066 Äæ
Veq=10255.243164057478 m/s
Feqöáñ=317150689.25456446 
f_cr=36.43019755685659 rps
f=9326.700812394953 rps
e=5.2077574186554e-11 
H=0.4427089789500165 Tl
Fg=21.18943806135927 
Wrot=652273.4398156669 Wt
