M=0.1152
R=0.45
al=12
n=2
Vcr=376.80073329957463
Veq=96466.8857447555
Fcr=133.26599836728496
f=34118.18157990874
Wrot=767008.5877486252
