Hr=4 sm
D=[34, 24, 8] Diameters, sm
rr=[2.5, 1, 1] rolik diameters, sm
r_roli=1.25 sm
M=1.9792033717615698 kg
R=0.18250000000000002 m
al=21 pcs.
n=2 polarized fields
Vcr=531.201001966451 m/s
Ecr=279240.36535603896 Joules
Veq=135995.77133374737 m/s
Feqöáñ?=11154613823.837 
f_cr=463.2507684291961 rps
f=118599.44793074505 rps
e?=5.2073486245738445e-11 
H=4.07817487142315 Tl
SumFg=3983.2135627189937 N
Um=4800.378377880919 kVolt
Ntau=7.321075742890811 time dilation
Feq=3.304256705437348 kN
F1roll=157.34555740177848 N
Wrotor=449364.93934065907 kWt
