M=37 kg
R=1.5 m
al=548
n=2
Vcr=2.4767189074458 m/s
Ecr=113.48152611024105 Äæ
Veq=634.0788081123392 m/s
Feqöáñ=905966.0399682776 
f_cr=0.262788037846105 rps
f=67.27785108059744 rps
e=5.2077574186554e-11 
H=0.4427089789500165 Tl
Fg=1793.5775686571099 
Wrot=3413718.416896318 Wt
