M=120 kg
R=0.26 m
al=10
n=2
Vcr=782.5861383914244 m/s
Ecr=36746463.8401441 Äæ
Veq=200354.30116218454 m/s
Feqöáñ=13380615331395.781 
f_cr=479.0478935392049 rps
f=122643.75922955362 rps
H=1.3620134115230736e-09 Tl
Fg=5961212.992337877 
Wrot=3585069689432.529 Wt
