M=37 kg
R=1.5 m
al=548
n=2
Vcr=2.4753332844497606 m/s
Ecr=113.35458507843953 Äæ
Veq=633.7240669363501 m/s
Feqöáñ=605541.8178270333 
f_cr=0.2626410186800507 rps
f=67.24021187281285 rps
H=1.3620134115230738e-09 Tl
Fg=1792.5741353176056 
Wrot=3409899.8135255827 Wt
