M=0.392 kg
R=0.17 m
al=52
n=0.5
Vcr=41.235244188667856 m/s
Ecr=333.267691206617 Äæ
Veq=10556.867963000343 m/s
Feqöáñ=168040481.97960263 
f_cr=38.604664366046116 rps
f=9883.398352235132 rps
e=5.2077574186554e-11 
H=442.7089789500165 Tl
Fg=3.3518200987977886 
Wrot=106213.58881781777 Wt
