M=0.1152
R=0.5
al=12
n=1
Vcr=117.08404001127728
Veq=29975.346946372352
Fcr=37.26900744992807
f=9541.44927481942
Wrot=74058.02854931202
