Hr=2.4 sm
D=[34, 24, 8] Diameters, sm
rr=[2.5, 1, 1] rolik diameters, sm
r_roli=1.25 sm
M=1.1875220230569419 kg
R=0.18250000000000002 m
al=21 pcs.
n=2 polarized fields
Vcr=531.201001966451 m/s
Ecr=167544.21921362338 Joules
Veq=135995.77133374737 m/s
Feqöáñ?=11154613823.837 
f_cr=463.2507684291961 rps
f=118599.44793074505 rps
e?=5.20766689811291e-11 
H=4.07817487142315 Tl
SumFg=1433.0807416060527 N
Um=4797.738589283874 kVolt
Ntau=7.321075742890811 time dilation
Feq=1.1888056151959305 kN
F1rol=56.60979119980622 N
Wrot=161672.53660446062 kWt
