M=5000 kg
R=20 m
al=480
n=2
Vcr=0.21195041248101076 m/s
Veq=54.26262323142498 m/s
f_cr=0.0016866477918359506
f=0.43180823562072007
Fg=2808395.6438701814
Wrot=457172744.1243085 Wt
