M=0.392028 kg
R=0.175 m
al=52
n=2
Vcr=223.71734505894767 m/s
Ecr=9810.392986430677 Äæ
Veq=57275.14215786669 m/s
Feqöáñ=4946250310.697547 
f_cr=203.46126469443846 rps
f=52089.26851837422 rps
e=5.20766689811291e-11 
H=4.07817487142315 Tl
Fg=18.18784285020504 
Um=(4.012754008328435e-11+655332.4617550579j) Volt
Wrot=3125133.8543712986 Wt
