M=1.4208
R=0.45
al=148
n=2
Vcr=30.551410808073626
Veq=7821.639384709908
Fcr=10.805351218969054
f=2766.339047019628
Wrot=767008.5877486258
