M=0.392 kg
R=0.18 m
al=52
n=1
Vcr=75.09588488024431 m/s
Ecr=1105.3208174855936 Äæ
Veq=19225.721996895118 m/s
Feqöáñ=557325680.8659999 
f_cr=66.39934046972671 rps
f=16999.270501758016 rps
e=5.2077574186554e-11 
H=442.7089789500165 Tl
Fg=6.104193178217712 
Wrot=352269.64364632696 Wt
