M=0.392 kg
R=0.23 m
al=52
n=2
Vcr=170.22265400672637 m/s
Ecr=5679.247379670361 Äæ
Veq=43579.66390203535 m/s
Feqöáñ=2863594318.146896 
f_cr=117.79033396257358 rps
f=30156.16925344505 rps
e=5.2077574186554e-11 
H=442.7089789500165 Tl
Fg=13.836603230962455 
Wrot=1809996.1739315463 Wt
