M=0.4674 kg
R=0.225 m
al=62
n=2
Vcr=145.9399958365912 m/s
Ecr=4977.455333324081 Äæ
Veq=37362.92331672709 m/s
Feqöáñ=2104870764.8598614 
f_cr=103.23142992090719 rps
f=26428.86192986911 rps
e=5.2077574186554e-11 
H=442.70897895001656 Tl
Fg=16.865209551415848 
Wrot=1891458.787450902 Wt
