M=50 kg
R=0.25 m
al=10
n=0.5
Vcr=145.7262499336145 m/s
Ecr=530903.497992857 Äæ
Veq=37308.20101982415 m/s
Feqöáñ=231983643889.26794 
f_cr=92.77221206071893 rps
f=23751.138440684415 rps
e=5.2077574186554e-11 
H=442.7089789500165 Tl
Fg=192716.0092753783 
Wrot=21581736941.045303 Wt
