M=125 kg
R=0.52 m
al=24
n=1
Vcr=56.29040385157562 m/s
Ecr=198038.09786084245
Veq=14411.224493448248 m/s
f_cr=17.22864619541793 rps
f=4410.8031041140075 rps
Fg=466163.6509631161 
Wrot=20153967074.144753 Wt
