M=0.1152
R=0.45
al=12
n=3
Vcr=1032.4793220381148
Veq=264330.86772601004
Fcr=365.16486165007746
f=93487.92046747654
Wrot=5758899.148111856
