M=1200 kg
R=9.6 m
al=240
n=2
Vcr=0.8831267186708781 m/s
Ecr=467.94768073823536
Veq=226.09426346427074 m/s
f_cr=0.01464103985968707 rps
f=3.7483353786520834 rps
Fg=674014.9545288434 
Wrot=457172744.1243085 Wt
