M=0.105546 kg
R=0.05 m
al=14
n=0.5
Vcr=520.742226611177 m/s
Ecr=14310.584578613476 Äæ
Veq=133318.1611327472 m/s
Feqöáñ=26799233242.01069 
f_cr=1657.5739888369749 rps
f=424364.88696397026 rps
e=5.2077574186554e-11 
H=0.4427089789500165 Tl
Fg=3.0686428825665404 
Wrot=1228004.497153656 Wt
