M=0.4674 kg
R=0.225 m
al=62
n=0.5
Vcr=26.115815400289335 m/s
Ecr=159.39176973693895 Äæ
Veq=3330 m/s
Feqöáñ=16719843.419999998 
f_cr=18.473160505917747 rps
f=2355.493157760051 rps
Fg=1.5000972289041152 
Wrot=14985.971316752111 Wt
