M=120 kg
R=0.26 m
al=10
n=0.5
Vcr=140.12139416693702 m/s
Ecr=1178040.3061971678 Äæ
Veq=35873.270211369374 m/s
Feqöáñ=428963838552.6405 
f_cr=85.77312505613807 rps
f=21959.262611579525 rps
H=1.3620134115230738e-09 Tl
Fg=1067350.2052174797 
Wrot=114932326904.97498 Wt
