M=600 kg
R=4.8 m
al=120
n=2
Vcr=3.5325068746835124 m/s
Ecr=3743.581445905883
Veq=904.377053857083 m/s
f_cr=0.11712831887749656 rps
f=29.986683029216668 rps
Fg=674014.9545288434 
Wrot=1828690976.497234 Wt
