M=0.4674 kg
R=0.225 m
al=62
n=0.5
Vcr=26.115815400289335 m/s
Ecr=159.39176973693895 Äæ
Veq=6686.057530434436 m/s
Feqöáñ=67403734.19976072 
f_cr=18.473160505917747 rps
f=4729.41824784636 rps
H=1.3620134115230742e-09 Tl
Fg=3.0180122783143193 
Wrot=60569.6974311059 Wt
