M=2.8416
R=0.448
al=148
n=2
Vcr=30.687801034895383
Veq=7856.5574176773625
f_cr=10.902042918134335
f=2791.093635510377
Fg=131.33354707125682
Wrot=3095488.6602976862
