M=0.4674 kg
R=0.225 m
al=62
n=2
Vcr=145.8583483740289 m/s
Ecr=4971.887525616382 Äæ
Veq=37342.020288292464 m/s
Feqöáñ=2102516245.3547165 
f_cr=103.17367615531741 rps
f=26414.07606186484 rps
Fg=16.888563985393052 
Wrot=1891959.2969480185 Wt
