M=0.4674 kg
R=0.225 m
al=62
n=2
Vcr=145.8583483740289 m/s
Ecr=4971.887525616382 Äæ
Veq=630 m/s
Feqöáñ=598445.82 
f_cr=103.17367615531741 rps
f=445.63384065730696 rps
Fg=0.21981991783685126 
Wrot=415.4596447116489 Wt
