M=0.4608
R=0.5
al=48
n=2
Vcr=84.7801649924043
Veq=21705.04929256999
Fcr=26.986364669375206
f=6908.931769931521
Wrot=621276.9560763865
