M=2500 kg
R=10 m
al=240
n=2
Vcr=0.847801649924043 m/s
Veq=217.05049292569993 m/s
f_cr=0.013493182334687605 rps
f=3.4544658849657606 rps
Fg=2808395.6438701814 
Wrot=1828690976.497234 Wt
