M=37 kg
R=1.5 m
al=548
n=0.5
Vcr=0.4434544508854305 m/s
Ecr=3.638059225186826 Äæ
Veq=113.53128076997936 m/s
Feqöáñ=29044.005860572644 
f_cr=0.04705197859634559 rps
f=12.046043020064038 rps
e=5.2077574186554e-11 
H=0.4427089789500165 Tl
Fg=321.1385649934399 
Wrot=109439.04443719891 Wt
