M=1 kg
R=0.18 m
al=52
n=1
Vcr=75.09588488024431 m/s
Ecr=2819.6959629734533 Äæ
Veq=19225.721996895118 m/s
Feqöáñ=1114651361.7319999 
f_cr=66.39934046972671 rps
f=16999.270501758016 rps
e=5.2077574186554e-11 
H=442.7089789500165 Tl
Fg=39.72428921684788 
Wrot=2292466.9645871967 Wt
