M=1.4208
R=0.5
al=148
n=1
Vcr=9.493300541454916
Veq=2430.433536192353
Fcr=3.021811414859033
f=773.6310222826559
Wrot=74058.02854931205
