M=120 kg
R=0.26 m
al=10
n=1
Vcr=270.193938487563 m/s
Ecr=4380285.863725259 Äæ
Veq=69173.87756855159 m/s
Feqöáñ=1595008445956.3215 
f_cr=165.39500347601214 rps
f=42343.70979949447 rps
H=1.3620134115230736e-09 Tl
Fg=2058155.0548208014 
Wrot=427350782633.28284 Wt
