M=1.4208
R=0.45
al=148
n=3
Vcr=83.71453962471203
Veq=21432.232518325145
Fcr=29.60796175541169
f=7580.101659525128
Wrot=5758899.148111863
