M=0.4674 kg
R=0.45 m
al=62
n=2
Vcr=72.92917418701445 m/s
Ecr=1242.9718814040955
Veq=18671.010144146232 m/s
f_cr=25.793419038829352 rps
f=6603.51901546621 rps
Fg=8.444281992696526 
Wrot=472989.8242370046 Wt
