Hr=4 sm
D=[34, 24, 8] Diameters, sm
rr=[2.5, 1, 1] rolik diameters, sm
r_roli=1.25 sm
M=1.9792033717615698 kg
R=0.18250000000000002 m
al=21 pcs.
n=0.5 polarized fields
Vcr=95.11109554202731 m/s
Ecr=8952.05609273524 Joules
Veq=24349.92922218295 m/s
Feqöáñ?=357601339.32094246 
f_cr=82.944663004927 rps
f=21235.132052866884 rps
e?=5.2073486245738445e-11 
H=4.078174871423151 Tl
SumFg=713.191060117752 N
Um=655.6930356228545 kVolt
Ntau=1.3108324944320862 time dilation
Feq=0.5916244021431355 kN
F1roll=28.17259057824455 N
Wrotor=14406.012318301651 kWt
