M=0.4674 kg
R=0.225 m
al=62
n=2
Vcr=145.8583483740289 m/s
Ecr=4971.887525616382 Äæ
Veq=3330 m/s
Feqöáñ=16719843.419999998 
f_cr=103.17367615531741 rps
f=2355.493157760051 rps
Fg=1.4457292692967085 
Wrot=14442.835400274118 Wt
