M=0.1809288 kg
R=0.225 m
al=24
n=2
Vcr=376.80073329957463 m/s
Ecr=12844.026286649196 Äæ
Veq=96466.8857447555 m/s
Feqöáñ=14031375776.290846 
f_cr=266.53199673456993 rps
f=68236.36315981748 rps
H=1.3620134115230738e-09 Tl
Fg=6.52479905056574 
Wrot=1889338.141020896 Wt
