M=600 kg
R=4.8 m
al=120
n=1
Vcr=1.2196254167841385 m/s
Ecr=446.24584717976506
Veq=312.24319735804534 m/s
f_cr=0.04043946120868931 rps
f=10.353135063823157 rps
Fg=232708.89456078754 
Wrot=217985307.8739497 Wt
