M=37 kg
R=1.5 m
al=548
n=1
Vcr=0.8551064263735849 m/s
Ecr=13.52732950786996 Äæ
Veq=218.92063003763784 m/s
Feqöáñ=107993.79921702525 
f_cr=0.0907296097513346 rps
f=23.22820027685475 rps
e=5.2077574186554e-11 
H=0.44270897895001654 Tl
Fg=619.2465768107227 
Wrot=406925.2102547585 Wt
