M=0.4674 kg
R=0.45 m
al=62
n=1
Vcr=25.17936344328544 m/s
Ecr=148.16588025469713
Veq=6446.311171262872 m/s
f_cr=8.905378124236098 rps
f=2279.9161946999816 rps
Fg=2.915453900060138 
Wrot=56381.76913577873 Wt
