M=0.4674 kg
R=0.225 m
al=62
n=2
Vcr=145.8583483740289 m/s
Ecr=4971.887525616382 Äæ
Veq=1630 m/s
Feqöáñ=4006073.82 
f_cr=103.17367615531741 rps
f=1152.9891432879529 rps
Fg=0.6738604183775392 
Wrot=3295.177445866166 Wt
