M=0.392 kg
R=0.175 m
al=52
n=0.5
Vcr=40.057094354705924 m/s
Ecr=314.4958783957954 Äæ
Veq=10255.243164057478 m/s
Feqöáñ=158575344.62728223 
f_cr=36.43019755685659 rps
f=9326.700812394953 rps
e=5.2077574186554e-11 
H=0.4427089789500165 Tl
Fg=3.25605381026071 
Wrot=100230.94585583462 Wt
