M=0.1809288 kg
R=0.225 m
al=24
n=1
Vcr=130.0933777903081 m/s
Ecr=1531.0454638974722 Äæ
Veq=33305.94105152483 m/s
Feqöáñ=1672580992.5242262 
f_cr=92.02224061710633 rps
f=23559.1340118998 rps
H=1.3620134115230736e-09 Tl
Fg=2.252737515816428 
Wrot=225214.62709752633 Wt
