M=50 kg
R=0.26 m
al=10
n=0.5
Vcr=140.12139416693702 m/s
Ecr=490850.1275821533 Äæ
Veq=35873.270211369374 m/s
Feqöáñ=214481919276.32025 
f_cr=85.77312505613807 rps
f=21959.262611579525 rps
H=1.3620134115230739e-06 Tl
Fg=185303.85507247917 
Wrot=19953528976.558155 Wt
