M=5000 kg
R=36 m
al=480
n=2
Vcr=0.11775022915611709 m/s
Veq=30.1459017952361 m/s
f_cr=0.0005205703061222069
f=0.13327414679651853
Fg=1560219.8021501007
Wrot=141102698.8037989 Wt
