M=5000 kg
R=32 m
al=480
n=2
Vcr=0.13246900780063173 m/s
Veq=33.914139519640614 m/s
f_cr=0.0006588467936859182
f=0.16867509203934378
Fg=1755247.2774188635
Wrot=178583103.173558 Wt
