M=0.1809288 kg
R=0.225 m
al=24
n=0.5
Vcr=67.46585645074744 m/s
Ecr=411.7615432426697 Äæ
Veq=17272.31528695562 m/s
Feqöáñ=449826309.4859029 
f_cr=47.722331306954175 rps
f=12217.663806936427 rps
H=1.3620134115230742e-09 Tl
Fg=1.1682598180228607 
Wrot=60569.5419249222 Wt
