M=1.4208
R=0.45
al=148
n=1
Vcr=10.548111712727685
Veq=2700.4817068803927
Fcr=3.7306313763691765
f=955.1000275094518
Wrot=91429.66487569395
