M=1 kg
R=0.175 m
al=52
n=1
Vcr=77.24148159110845 m/s
Ecr=2983.123239194773 Äæ
Veq=19775.028339663553 m/s
Feqöáñ=1179255644.7385082 
f_cr=70.24779203980884 rps
f=17984.534343084404 rps
e=5.2077574186554e-11 
H=0.44270897895001654 Tl
Fg=40.85926890875784 
Wrot=2425336.4784530685 Wt
