M=0.0904644 kg
R=0.225 m
al=12
n=1
Vcr=260.1867555806162 m/s
Ecr=3062.0909277949445 Äæ
Veq=66611.88210304966 m/s
Feqöáñ=6690323970.096905 
f_cr=184.04448123421267 rps
f=47118.2680237996 rps
H=1.3620134115230736e-09 Tl
Fg=1.126368757908214 
Wrot=225214.62709752633 Wt
