M=2.8416 kg
R=0.45 m
al=148
n=2
Vcr=30.551410808073626 m/s
Veq=7821.639384709908 m/s
f_cr=10.805351218969054
f=2766.339047019628
Fg=130.74984241760677
Wrot=3068034.350994503 Wt
