M=0.4674 kg
R=0.225 m
al=62
n=1
Vcr=50.35872688657088 m/s
Ecr=592.6635210187885 Äæ
Veq=3330 m/s
Feqöáñ=16719843.419999998 
f_cr=35.62151249694439 rps
f=2355.493157760051 rps
Fg=1.4890899652383203 
Wrot=14876.008752730819 Wt
