M=37
R=1.5
al=548
n=2
Vcr=2.4753332844497606
Veq=633.7240669363501
Fcr=0.2626410186800507
f=67.24021187281285
Wrot=3414621.740034773
